[
    [
        0.9941338485260931,
        0.0986512964608827,
        -0.04433748889242502,
        0.9938296704767513
    ],
    [
        -0.0986512964608827,
        0.659022672138982,
        -0.7456252673517598,
        2.593331619023365
    ],
    [
        0.04433748889242498,
        -0.7456252673517594,
        -0.6648888236128887,
        2.9576262456228286
    ],
    [
        0,
        0,
        0,
        1
    ]
]

[
    {
        "R": [
            [
                1,
                0,
                0
            ],
            [
                0,
                1,
                0
            ],
            [
                0,
                0,
                1
            ]
        ],
        "t": [
            0,
            0,
            0
        ]
    },
    {
        "R": [
            [
                0.9999343734981613,
                0.007013546666161425,
                0.009058634555016355
            ],
            [
                -0.006943244009034474,
                0.9999457146242098,
                -0.007769116250230927
            ],
            [
                -0.009112631863011218,
                0.007705710080204895,
                0.9999287884508022
            ]
        ],
        "t": [
            288.09392644849515,
            36.372469219426584,
            4.067994781234171
        ]
    },
    {
        "R": [
            [
                0.9992311916958624,
                -0.013248298517503029,
                -0.03689861960097965
            ],
            [
                0.015410227167433191,
                0.9981427649424514,
                0.05893679403977026
            ],
            [
                0.03604927794997809,
                -0.05946009905330904,
                0.9975795437857855
            ]
        ],
        "t": [
            -7.710366948649106,
            -51.44211585512788,
            -361.22323848673045
        ]
    },
    {
        "R": [
            [
                0.9994958323124179,
                -0.015861295920479832,
                -0.02750455383804115
            ],
            [
                0.01647982644306052,
                0.9996130429886702,
                0.022409364277847794
            ],
            [
                0.027138469199889256,
                -0.022851336474124385,
                0.9993704617962413
            ]
        ],
        "t": [
            89.49272965553757,
            48.799582675856975,
            -104.884322181777
        ]
    }
]

[
    {
        "R": [
            [
                1,
                0,
                0
            ],
            [
                0,
                1,
                0
            ],
            [
                0,
                0,
                1
            ]
        ],
        "t": [
            0,
            0,
            0
        ]
    },
    {
        "R": [
            [
                -0.0008290000610233772,
                -0.7947131755287576,
                0.6069845808584402
            ],
            [
                0.7624444396180684,
                0.3922492478955913,
                0.5146056781855716
            ],
            [
                -0.6470531579819294,
                0.46321862674804054,
                0.6055994671226776
            ]
        ],
        "t": [
            -2.6049886186449047,
            -2.173986915510569,
            0.7303458563542193
        ]
    },
    {
        "R": [
            [
                -0.9985541623963866,
                -0.028079891357569067,
                -0.045837806036037466
            ],
            [
                -0.043210651917521686,
                -0.08793122558361385,
                0.9951888962042462
            ],
            [
                -0.03197537054848707,
                0.995730696156702,
                0.0865907408997996
            ]
        ],
        "t": [
            0.8953888630067902,
            -3.4302652822708373,
            3.70967106300893
        ]
    },
    {
        "R": [
            [
                -0.4499864100408215,
                0.6855400696798954,
                -0.5723172578577878
            ],
            [
                -0.7145273934510732,
                0.10804105689305427,
                0.6912146801345055
            ],
            [
                0.5356891214002657,
                0.7199735709654319,
                0.4412201517663212
            ]
        ],
        "t": [
            2.50141072072536,
            -2.313616767292231,
            1.8529907514099284
        ]
    }
]
// Test custom calibration value
[
    {
        "R": [
            [
                1,
                0,
                0
            ],
            [
                0,
                1,
                0
            ],
            [
                0,
                0,
                1
            ]
        ],
        "t": [
            0,
            0,
            0
        ]
    },
    {
        "R": [
            [
                -0.0008290000610233772,
                -0.7947131755287576,
                0.6069845808584402
            ],
            [
                0.7624444396180684,
                0.3922492478955913,
                0.5146056781855716
            ],
            [
                -0.6470531579819294,
                0.46321862674804054,
                0.6055994671226776
            ]
        ],
        "t": [
            -2.6049886186449047,
            -2.173986915510569,
            0.7303458563542193
        ]
    },
    {
        "R": [
            [
                -0.9985541623963866,
                -0.028079891357569067,
                -0.045837806036037466
            ],
            [
                -0.043210651917521686,
                -0.08793122558361385,
                0.9951888962042462
            ],
            [
                -0.03197537054848707,
                0.995730696156702,
                0.0865907408997996
            ]
        ],
        "t": [
            0.8953888630067902,
            -3.4302652822708373,
            3.70967106300893
        ]
    },
    {
        "R": [
            [
                -0.4499864100408215,
                0.6855400696798954,
                -0.5723172578577878
            ],
            [
                -0.7145273934510732,
                0.10804105689305427,
                0.6912146801345055
            ],
            [
                0.5356891214002657,
                0.7199735709654319,
                0.4412201517663212
            ]
        ],
        "t": [
            2.50141072072536,
            -2.313616767292231,
            1.8529907514099284
        ]
    }
]